每幅图像的标定误差：
第1幅图像的平均误差：0.223205像素
第2幅图像的平均误差：0.188931像素
第3幅图像的平均误差：0.221126像素
第4幅图像的平均误差：0.215893像素
第5幅图像的平均误差：0.2577像素
总体平均误差：0.221371像素
相机内参数矩阵：
[1861.42766299383, 0, 982.3287428428604;
 0, 1878.717619887816, 599.0609640309638;
 0, 0, 1]
畸变系数：
[-0.0746125356363105, -0.3268329436307836, 0.009110318317463457, 0.0003459282933869315, 0]
第1幅图像的旋转向量：
[0.1374857169388184;
 -3.088408349973264;
 0.4286035401498942]
第1幅图像的旋转矩阵：
[-0.9959081078052854, -0.08999504682654362, -0.008242108612744195;
 -0.08434962937155403, 0.9584057837668141, -0.2726600331313706;
 0.03243733701427294, -0.2708491188632646, -0.962075139465944]
第1幅图像的平移向量：
[179.5864191410719;
 -59.59037630369813;
 800.6868663980296]

第2幅图像的旋转向量：
[-0.2251817682466299;
 -2.741133575122887;
 0.3638099792528265]
第2幅图像的旋转矩阵：
[-0.9205752246619923, 0.1079563991086829, -0.3753487333534098;
 0.2021285857139547, 0.9540176120324916, -0.2213468562439939;
 0.3341934927191115, -0.2796351405372894, -0.9000660517989174]
第2幅图像的平移向量：
[303.3150706192012;
 -47.93640552896232;
 817.7986829901115]

第3幅图像的旋转向量：
[0.4366062708817836;
 -3.004336717971174;
 -0.4507330670735362]
第3幅图像的旋转矩阵：
[-0.9569587428575052, -0.2675092815160361, -0.1125555363869646;
 -0.2887614506975827, 0.9165017877722247, 0.2768416471583399;
 0.02909964019727124, 0.2974277346063904, -0.9543007668588032]
第3幅图像的平移向量：
[102.6899655881255;
 -19.91488135443045;
 737.2173323544291]

第4幅图像的旋转向量：
[-0.5191506153424313;
 2.428411127575708;
 -0.711323216521668]
第4幅图像的旋转矩阵：
[-0.7734365928085269, -0.2032612670769928, 0.6004004448790761;
 -0.4950785498538801, 0.7852159889514716, -0.3719315530706462;
 -0.3958447503495736, -0.5849108547473018, -0.7079450724593435]
第4幅图像的平移向量：
[-31.31665570461339;
 64.93891861151187;
 911.2739640552146]

第5幅图像的旋转向量：
[-0.2371788153693342;
 2.699043354730783;
 -0.7797010638742574]
第5幅图像的旋转矩阵：
[-0.9347542594609433, -0.06935340929813273, 0.3484602976500326;
 -0.2444894003576553, 0.8371877212005353, -0.4892255641151735;
 -0.2577972217313014, -0.5425005291147478, -0.7995209618126601]
第5幅图像的平移向量：
[-146.3781197083619;
 33.07878254800262;
 898.128195559038]


