每幅图像的标定误差：
第1幅图像的平均误差：0.4953像素
第2幅图像的平均误差：0.235097像素
第3幅图像的平均误差：0.209912像素
总体平均误差：0.313436像素
相机内参数矩阵：
[899.536805767003, 0, 1407.236696086419;
 0, 850.7576630764743, 336.1561003047225;
 0, 0, 1]
畸变系数：
[-0.07967627066240573, 0.01601005361999443, 0.003881345331826255, -0.005296057552218375, 0]
第1幅图像的旋转向量：
[-2.899376476701681;
 -0.06015872804616461;
 0.1594265697589572]
第1幅图像的旋转矩阵：
[0.9932121097588712, 0.02787653720456276, -0.112927426703231;
 0.05367510592815975, -0.9711505742432526, 0.2323478968069254;
 -0.1031924805009154, -0.2368321363761334, -0.9660547868250459]
第1幅图像的平移向量：
[-271.8444489462593;
 204.8250192474019;
 366.9336826579758]

第2幅图像的旋转向量：
[3.062928934190445;
 -0.002647545159884138;
 -0.0685058435400101]
第2幅图像的旋转矩阵：
[0.9990000389939764, 1.476545518370683e-05, -0.04470930408779512;
 -0.003465328341668087, -0.9969661050029331, -0.07775973877762715;
 -0.04457480891173884, 0.07783691448960264, -0.9959691266064526]
第2幅图像的平移向量：
[-187.8770599490138;
 34.78219577683959;
 307.8093404139585]

第3幅图像的旋转向量：
[2.984579991184661;
 0.06116800052410992;
 -0.1019556086583847]
第3幅图像的旋转矩阵：
[0.9968499553227741, 0.0459378199163161, -0.06465201678462512;
 0.0354226086750731, -0.9872324917154246, -0.1552972829640197;
 -0.07096059024300724, 0.1525179464938152, -0.9857499026779936]
第3幅图像的平移向量：
[-199.2371889281719;
 235.6805345248094;
 363.8004625049912]


